0 29 55 68 75 47.5 67 45 42 53.5 32.25 25.5 38 60.5 47 64.5
29 0 72.5 67 72.5 70 86 68.5 60 71.5 51 32 37.5 52.5 59.5 57.5
55 72.5 0 65 34 32 24.5 27.5 18 40 42 42.5 32.5 70.5 75.5 60 47 65
40 57.5 33 0 24.5 28 40 28.5 42.5 71.5 40 75.5 85 85 66.5 62.5
47 62.5 24.5 20 0 28.5 27.5 29 51.5 52.5 42 105 70 78 56 80
47.5 65 27.5 28.5 28.5 0 18.5 36 23 46.5 23.5 92.5 52 52.5 40 68 
84.5 89.5 18 39.5 27.5 26.5 0 45 48.5 47.5 41 91 75.5 79.5 61.5 89
45 72.5 35 28 47.5 32.5 45 0 68.5 75 48.5 82 80 89 56.5 90.5
18 57 51 43.5 64 35 58 43 0 32 12 56.5 49 51 30 53.5
55.5 78 45 50 52.5 46 51.5 73 33.5 0 21.5 38 73 61.5 19.5 40
35 54.5 34.5 44 41.5 25.5 40 35.5 15 24.5 0 37.5 51.5 42 10.5 44.5
25.5 20 42.5 75.5 105 92.5 91 82 56.5 38 37.5 0 25 36 36 40
38 37.5 75.5 85 70 52 75.5 80 49 73 51.5 25 0 19 50.5 32.5
60.5 52.5 60 85 78 52.5 79.5 89 51 61.5 42 36 19 0 44 23
47 59.5 47 66.5 56 40 61.5 56.5 30 19.5 10.5 36 50.5 44 0 51.5
64.5 57.5 65 62.5 80 68 89 90.5 53.5 40 44.5 40 32.5 23 51.5 0
